1772975,5389677
1772975,5422370
1772975,5470880
1772975,5550154
1772975,5561155
1772975,5561159
1772975,5583156
1772975,5599843
1772975,5612376
1772975,5643952
1772975,5643953
1772975,5643961
1772975,5643962
1772975,5643963
1772975,5648388
1772975,5648391
1772975,5648395
1772975,5650436
1772975,5650440
1772975,5652267
1772975,5654340
1772975,5656666
1772975,5668177
1772975,5670541
1772975,5670542
1772975,5670543
1772975,5674899
1772975,5674903
1772975,5677340
1772975,5681853
1772975,5716992
1772975,5827882
2118566,3879537
2118566,3920835
2118566,3984566
2118566,3988470
2118566,4105782
2118566,4105783
2118566,4363815
2118566,4380549
2118566,5385938
2118566,5389677
2118566,5422370
2118566,5470880
2118566,5550154
2118566,5561155
2118566,5561159
2118566,5583156
2118566,5599843
2118566,5612376
2118566,5643952
2118566,5643953
2118566,5643961
2118566,5643962
2118566,5643963
2118566,5648388
2118566,5648391
2118566,5648395
2118566,5650436
2118566,5650440
2118566,5652267
2118566,5654340
2118566,5656666
2118566,5668177
2118566,5670541
2118566,5670542
2118566,5670543
2118566,5674899
2118566,5674903
2118566,5677340
2118566,5681853
2118566,5716992
2118566,5827882
3227616,5385938
3227616,5389677
3227616,5422370
3227616,5470880
3227616,5550154
3227616,5561155
3227616,5561159
3227616,5583156
3227616,5599843
3227616,5612376
3227616,5643952
3227616,5643953
3227616,5643961
3227616,5643962
3227616,5643963
3227616,5648388
3227616,5648391
3227616,5648395
3227616,5650436
3227616,5650440
3227616,5652267
3227616,5654340
3227616,5656666
3227616,5668177
3227616,5670541
3227616,5670542
3227616,5670543
3227616,5674899
3227616,5674903
3227616,5677340
3227616,5681853
3227616,5716992
3227616,5827882
3666863,3879537
3666863,3920835
3666863,3984566
3666863,3988470
3666863,4021572
3666863,4105782
3666863,4105783
3666863,4234599
3666863,4380549
3666863,5385938
3666863,5389677
3666863,5422370
3666863,5470880
3666863,5550154
3666863,5561155
3666863,5561159
3666863,5583156
3666863,5599843
3666863,5612376
3666863,5643952
3666863,5643953
3666863,5643961
3666863,5643962
3666863,5643963
3666863,5648388
3666863,5648391
3666863,5648395
3666863,5650436
3666863,5650440
3666863,5652267
3666863,5654340
3666863,5656666
3666863,5668177
3666863,5670541
3666863,5670542
3666863,5670543
3666863,5674899
3666863,5674903
3666863,5677340
3666863,5681853
3666863,5716992
3666863,5827882
3689668,5385938
3689668,5389677
3689668,5422370
3689668,5470880
3689668,5550154
3689668,5561155
3689668,5561159
3689668,5583156
3689668,5599843
3689668,5612376
3689668,5643952
3689668,5643953
3689668,5643961
3689668,5643962
3689668,5643963
3689668,5648388
3689668,5648391
3689668,5648395
3689668,5650436
3689668,5650440
3689668,5652267
3689668,5654340
3689668,5656666
3689668,5668177
3689668,5670541
3689668,5670542
3689668,5670543
3689668,5674899
3689668,5674903
3689668,5677340
3689668,5681853
3689668,5716992
3689668,5827882
3806593,4021572
3806593,4105782
3806593,4105783
3806593,4612331
3806593,5385938
3806593,5389677
3806593,5422370
3806593,5470880
3806593,5550154
3806593,5561155
3806593,5561159
3806593,5583156
3806593,5599843
3806593,5612376
3806593,5643952
3806593,5643953
3806593,5643961
3806593,5643962
3806593,5643963
3806593,5648388
3806593,5648391
3806593,5648395
3806593,5650436
3806593,5650440
3806593,5652267
3806593,5654340
3806593,5656666
3806593,5668177
3806593,5670541
3806593,5670542
3806593,5670543
3806593,5674899
3806593,5674903
3806593,5677340
3806593,5681853
3806593,5716992
3806593,5827882
3879537,2118566
3879537,3666863
3879537,3984566
3879537,3988470
3879537,4105782
3879537,4105783
3879537,4197316
3879537,4363815
3879537,4380549
3879537,5385938
3879537,5389677
3879537,5422370
3879537,5470880
3879537,5550154
3879537,5561155
3879537,5561159
3879537,5583156
3879537,5599843
3879537,5612376
3879537,5643952
3879537,5643953
3879537,5643961
3879537,5643962
3879537,5643963
3879537,5648388
3879537,5648391
3879537,5648395
3879537,5650436
3879537,5650440
3879537,5652267
3879537,5654340
3879537,5656666
3879537,5668177
3879537,5670541
3879537,5670542
3879537,5670543
3879537,5674899
3879537,5674903
3879537,5677340
3879537,5681853
3879537,5716992
3879537,5827882
3920835,2118566
3920835,3666863
3920835,4197316
3920835,4287214
3920835,5091171
3920835,5385938
3920835,5389677
3920835,5422370
3920835,5470880
3920835,5550154
3920835,5561155
3920835,5561159
3920835,5583156
3920835,5599843
3920835,5612376
3920835,5643952
3920835,5643953
3920835,5643961
3920835,5643962
3920835,5643963
3920835,5648388
3920835,5648391
3920835,5648395
3920835,5650436
3920835,5650440
3920835,5652267
3920835,5654340
3920835,5656666
3920835,5668177
3920835,5670541
3920835,5670542
3920835,5670543
3920835,5674899
3920835,5674903
3920835,5677340
3920835,5681853
3920835,5716992
3920835,5827882
3984566,2118566
3984566,3666863
3984566,3879537
3984566,4197316
3984566,5385938
3984566,5389677
3984566,5422370
3984566,5470880
3984566,5550154
3984566,5561155
3984566,5561159
3984566,5583156
3984566,5599843
3984566,5612376
3984566,5643952
3984566,5643953
3984566,5643961
3984566,5643962
3984566,5643963
3984566,5648388
3984566,5648391
3984566,5648395
3984566,5650436
3984566,5650440
3984566,5652267
3984566,5654340
3984566,5656666
3984566,5668177
3984566,5670541
3984566,5670542
3984566,5670543
3984566,5674899
3984566,5674903
3984566,5677340
3984566,5681853
3984566,5716992
3984566,5827882
3988470,2118566
3988470,3666863
3988470,3879537
3988470,4197316
3988470,4234599
3988470,4363815
3988470,4612331
3988470,5385938
3988470,5389677
3988470,5422370
3988470,5470880
3988470,5550154
3988470,5561155
3988470,5561159
3988470,5583156
3988470,5599843
3988470,5612376
3988470,5643952
3988470,5643953
3988470,5643961
3988470,5643962
3988470,5643963
3988470,5648388
3988470,5648391
3988470,5648395
3988470,5650436
3988470,5650440
3988470,5652267
3988470,5654340
3988470,5656666
3988470,5668177
3988470,5670541
3988470,5670542
3988470,5670543
3988470,5674899
3988470,5674903
3988470,5677340
3988470,5681853
3988470,5716992
3988470,5827882
3991184,5385938
3991184,5389677
3991184,5422370
3991184,5470880
3991184,5550154
3991184,5561155
3991184,5561159
3991184,5583156
3991184,5599843
3991184,5612376
3991184,5643952
3991184,5643953
3991184,5643961
3991184,5643962
3991184,5643963
3991184,5648388
3991184,5648391
3991184,5648395
3991184,5650436
3991184,5650440
3991184,5652267
3991184,5654340
3991184,5656666
3991184,5668177
3991184,5670541
3991184,5670542
3991184,5670543
3991184,5674899
3991184,5674903
3991184,5677340
3991184,5681853
3991184,5716992
3991184,5827882
4021572,3666863
4021572,3806593
4021572,4197316
4021572,4380549
4021572,5385938
4021572,5389677
4021572,5422370
4021572,5470880
4021572,5550154
4021572,5561155
4021572,5561159
4021572,5583156
4021572,5599843
4021572,5612376
4021572,5643952
4021572,5643953
4021572,5643961
4021572,5643962
4021572,5643963
4021572,5648388
4021572,5648391
4021572,5648395
4021572,5650436
4021572,5650440
4021572,5652267
4021572,5654340
4021572,5656666
4021572,5668177
4021572,5670541
4021572,5670542
4021572,5670543
4021572,5674899
4021572,5674903
4021572,5677340
4021572,5681853
4021572,5716992
4021572,5827882
4053630,5385938
4053630,5389677
4053630,5422370
4053630,5470880
4053630,5550154
4053630,5561155
4053630,5561159
4053630,5583156
4053630,5599843
4053630,5612376
4053630,5643952
4053630,5643953
4053630,5643961
4053630,5643962
4053630,5643963
4053630,5648388
4053630,5648391
4053630,5648395
4053630,5650436
4053630,5650440
4053630,5652267
4053630,5654340
4053630,5656666
4053630,5668177
4053630,5670541
4053630,5670542
4053630,5670543
4053630,5674899
4053630,5674903
4053630,5677340
4053630,5681853
4053630,5716992
4053630,5827882
4105782,2118566
4105782,3666863
4105782,3806593
4105782,3879537
4105782,4612331
4105782,5091171
4105782,5385938
4105782,5389677
4105782,5422370
4105782,5470880
4105782,5550154
4105782,5561155
4105782,5561159
4105782,5583156
4105782,5599843
4105782,5612376
4105782,5643952
4105782,5643953
4105782,5643961
4105782,5643962
4105782,5643963
4105782,5648388
4105782,5648391
4105782,5648395
4105782,5650436
4105782,5650440
4105782,5652267
4105782,5654340
4105782,5656666
4105782,5668177
4105782,5670541
4105782,5670542
4105782,5670543
4105782,5674899
4105782,5674903
4105782,5677340
4105782,5716992
4105782,5827882
4105783,2118566
4105783,3666863
4105783,3806593
4105783,3879537
4105783,4234599
4105783,4380549
4105783,5385938
4105783,5389677
4105783,5422370
4105783,5470880
4105783,5550154
4105783,5561155
4105783,5561159
4105783,5583156
4105783,5599843
4105783,5612376
4105783,5643952
4105783,5643953
4105783,5643961
4105783,5643962
4105783,5643963
4105783,5648388
4105783,5648391
4105783,5648395
4105783,5650436
4105783,5650440
4105783,5652267
4105783,5654340
4105783,5656666
4105783,5668177
4105783,5670541
4105783,5670542
4105783,5670543
4105783,5674899
4105783,5674903
4105783,5677340
4105783,5681853
4105783,5716992
4105783,5827882
4197316,3879537
4197316,3920835
4197316,3984566
4197316,3988470
4197316,4021572
4197316,4612331
4197316,5385938
4197316,5389677
4197316,5422370
4197316,5470880
4197316,5550154
4197316,5561155
4197316,5561159
4197316,5583156
4197316,5599843
4197316,5612376
4197316,5643952
4197316,5643953
4197316,5643961
4197316,5643962
4197316,5643963
4197316,5648388
4197316,5648391
4197316,5648395
4197316,5650436
4197316,5650440
4197316,5652267
4197316,5654340
4197316,5656666
4197316,5668177
4197316,5670541
4197316,5670542
4197316,5670543
4197316,5674899
4197316,5674903
4197316,5677340
4197316,5681853
4197316,5716992
4197316,5827882
4234599,3666863
4234599,3988470
4234599,4105783
4234599,4612331
4234599,5385938
4234599,5389677
4234599,5422370
4234599,5470880
4234599,5550154
4234599,5561155
4234599,5561159
4234599,5583156
4234599,5599843
4234599,5612376
4234599,5643952
4234599,5643953
4234599,5643961
4234599,5643962
4234599,5643963
4234599,5648388
4234599,5648391
4234599,5648395
4234599,5650436
4234599,5650440
4234599,5652267
4234599,5654340
4234599,5656666
4234599,5668177
4234599,5670541
4234599,5670542
4234599,5670543
4234599,5674899
4234599,5674903
4234599,5677340
4234599,5681853
4234599,5716992
4234599,5827882
4246261,5385938
4246261,5389677
4246261,5422370
4246261,5470880
4246261,5550154
4246261,5561155
4246261,5561159
4246261,5583156
4246261,5599843
4246261,5612376
4246261,5643952
4246261,5643953
4246261,5643961
4246261,5643962
4246261,5643963
4246261,5648388
4246261,5648391
4246261,5648395
4246261,5650436
4246261,5650440
4246261,5652267
4246261,5654340
4246261,5656666
4246261,5668177
4246261,5670541
4246261,5670542
4246261,5670543
4246261,5674899
4246261,5674903
4246261,5677340
4246261,5681853
4246261,5716992
4246261,5827882
4287214,3920835
4287214,5153230
4287214,5385938
4287214,5389677
4287214,5422370
4287214,5470880
4287214,5550154
4287214,5561155
4287214,5561159
4287214,5583156
4287214,5599843
4287214,5612376
4287214,5643952
4287214,5643953
4287214,5643961
4287214,5643962
4287214,5643963
4287214,5648388
4287214,5648391
4287214,5648395
4287214,5650436
4287214,5650440
4287214,5652267
4287214,5654340
4287214,5656666
4287214,5668177
4287214,5670541
4287214,5670542
4287214,5670543
4287214,5674899
4287214,5674903
4287214,5677340
4287214,5681853
4287214,5716992
4287214,5827882
4363815,2118566
4363815,3879537
4363815,3988470
4363815,5091171
4363815,5385938
4363815,5389677
4363815,5422370
4363815,5470880
4363815,5550154
4363815,5561155
4363815,5561159
4363815,5583156
4363815,5599843
4363815,5612376
4363815,5643952
4363815,5643953
4363815,5643961
4363815,5643962
4363815,5643963
4363815,5648388
4363815,5648391
4363815,5648395
4363815,5650436
4363815,5650440
4363815,5652267
4363815,5654340
4363815,5656666
4363815,5668177
4363815,5670541
4363815,5670542
4363815,5670543
4363815,5674899
4363815,5674903
4363815,5677340
4363815,5681853
4363815,5716992
4363815,5827882
4380549,2118566
4380549,3666863
4380549,3879537
4380549,4021572
4380549,4105783
4380549,5385938
4380549,5389677
4380549,5422370
4380549,5470880
4380549,5550154
4380549,5561155
4380549,5561159
4380549,5583156
4380549,5599843
4380549,5612376
4380549,5643952
4380549,5643953
4380549,5643961
4380549,5643962
4380549,5643963
4380549,5648388
4380549,5648391
4380549,5648395
4380549,5650436
4380549,5650440
4380549,5652267
4380549,5654340
4380549,5656666
4380549,5668177
4380549,5670541
4380549,5670542
4380549,5670543
4380549,5674899
4380549,5674903
4380549,5677340
4380549,5681853
4380549,5716992
4380549,5827882
4518789,5385938
4518789,5389677
4518789,5422370
4518789,5470880
4518789,5550154
4518789,5561155
4518789,5561159
4518789,5583156
4518789,5599843
4518789,5612376
4518789,5643952
4518789,5643953
4518789,5643961
4518789,5643962
4518789,5643963
4518789,5648388
4518789,5648391
4518789,5648395
4518789,5650436
4518789,5650440
4518789,5652267
4518789,5654340
4518789,5656666
4518789,5668177
4518789,5670541
4518789,5670542
4518789,5670543
4518789,5674899
4518789,5674903
4518789,5677340
4518789,5681853
4518789,5716992
4518789,5827882
4612331,3806593
4612331,3988470
4612331,4105782
4612331,4197316
4612331,4234599
4612331,5385938
4612331,5389677
4612331,5422370
4612331,5470880
4612331,5550154
4612331,5561155
4612331,5561159
4612331,5583156
4612331,5599843
4612331,5612376
4612331,5643952
4612331,5643953
4612331,5643961
4612331,5643962
4612331,5643963
4612331,5648388
4612331,5648391
4612331,5648395
4612331,5650436
4612331,5650440
4612331,5652267
4612331,5654340
4612331,5656666
4612331,5668177
4612331,5670541
4612331,5670542
4612331,5670543
4612331,5674899
4612331,5674903
4612331,5677340
4612331,5681853
4612331,5716992
4612331,5827882
4929722,5091171
4929722,5385938
4929722,5389677
4929722,5422370
4929722,5470880
4929722,5550154
4929722,5561155
4929722,5561159
4929722,5583156
4929722,5599843
4929722,5612376
4929722,5643952
4929722,5643953
4929722,5643961
4929722,5643962
4929722,5643963
4929722,5648388
4929722,5648391
4929722,5648395
4929722,5650436
4929722,5650440
4929722,5652267
4929722,5654340
4929722,5656666
4929722,5668177
4929722,5670541
4929722,5670542
4929722,5670543
4929722,5674899
4929722,5674903
4929722,5677340
4929722,5681853
4929722,5716992
4929722,5827882
4983382,5389677
4983382,5422370
4983382,5470880
4983382,5550154
4983382,5561155
4983382,5561159
4983382,5583156
4983382,5599843
4983382,5612376
4983382,5643952
4983382,5643953
4983382,5643961
4983382,5643962
4983382,5643963
4983382,5648388
4983382,5648391
4983382,5648395
4983382,5650436
4983382,5650440
4983382,5652267
4983382,5654340
4983382,5656666
4983382,5668177
4983382,5670541
4983382,5670542
4983382,5670543
4983382,5674899
4983382,5674903
4983382,5677340
4983382,5681853
4983382,5716992
4983382,5827882
5021451,5385938
5021451,5389677
5021451,5422370
5021451,5470880
5021451,5550154
5021451,5561155
5021451,5561159
5021451,5583156
5021451,5599843
5021451,5612376
5021451,5643952
5021451,5643953
5021451,5643961
5021451,5643962
5021451,5643963
5021451,5648388
5021451,5648391
5021451,5648395
5021451,5650436
5021451,5650440
5021451,5652267
5021451,5654340
5021451,5656666
5021451,5668177
5021451,5670541
5021451,5670542
5021451,5670543
5021451,5674899
5021451,5674903
5021451,5677340
5021451,5681853
5021451,5716992
5021451,5827882
5091171,3920835
5091171,4105782
5091171,4363815
5091171,4929722
5091171,5385938
5091171,5389677
5091171,5422370
5091171,5470880
5091171,5550154
5091171,5561155
5091171,5561159
5091171,5583156
5091171,5599843
5091171,5612376
5091171,5643952
5091171,5643953
5091171,5643961
5091171,5643962
5091171,5643963
5091171,5648388
5091171,5648391
5091171,5648395
5091171,5650436
5091171,5650440
5091171,5652267
5091171,5654340
5091171,5656666
5091171,5668177
5091171,5670541
5091171,5670542
5091171,5670543
5091171,5674899
5091171,5674903
5091171,5677340
5091171,5681853
5091171,5716992
5091171,5827882
5093109,5389677
5093109,5422370
5093109,5470880
5093109,5550154
5093109,5561155
5093109,5561159
5093109,5583156
5093109,5599843
5093109,5612376
5093109,5643952
5093109,5643953
5093109,5643961
5093109,5643962
5093109,5643963
5093109,5648388
5093109,5648391
5093109,5648395
5093109,5650436
5093109,5650440
5093109,5652267
5093109,5654340
5093109,5656666
5093109,5668177
5093109,5670541
5093109,5670542
5093109,5670543
5093109,5674899
5093109,5674903
5093109,5677340
5093109,5681853
5093109,5716992
5093109,5827882
5108751,5385938
5108751,5389677
5108751,5422370
5108751,5470880
5108751,5550154
5108751,5561155
5108751,5561159
5108751,5583156
5108751,5599843
5108751,5612376
5108751,5643952
5108751,5643953
5108751,5643961
5108751,5643962
5108751,5643963
5108751,5648388
5108751,5648391
5108751,5648395
5108751,5650436
5108751,5650440
5108751,5652267
5108751,5654340
5108751,5656666
5108751,5668177
5108751,5670541
5108751,5670542
5108751,5670543
5108751,5674899
5108751,5674903
5108751,5677340
5108751,5681853
5108751,5716992
5108751,5827882
5153230,4287214
5153230,5385938
5153230,5389677
5153230,5422370
5153230,5470880
5153230,5550154
5153230,5561155
5153230,5561159
5153230,5583156
5153230,5599843
5153230,5612376
5153230,5643952
5153230,5643953
5153230,5643961
5153230,5643962
5153230,5643963
5153230,5648388
5153230,5648391
5153230,5648395
5153230,5650436
5153230,5650440
5153230,5652267
5153230,5654340
5153230,5656666
5153230,5668177
5153230,5670541
5153230,5670542
5153230,5670543
5153230,5674899
5153230,5674903
5153230,5677340
5153230,5681853
5153230,5716992
5153230,5827882
5385938,2118566
5385938,3227616
5385938,3666863
5385938,3689668
5385938,3806593
5385938,3879537
5385938,3920835
5385938,3984566
5385938,3988470
5385938,3991184
5385938,4021572
5385938,4053630
5385938,4105782
5385938,4105783
5385938,4197316
5385938,4234599
5385938,4246261
5385938,4287214
5385938,4363815
5385938,4380549
5385938,4518789
5385938,4612331
5385938,4929722
5385938,5021451
5385938,5091171
5385938,5108751
5385938,5153230
5385938,5550154
5385938,5561155
5385938,5561159
5385938,5583156
5385938,5599843
5385938,5612376
5385938,5681853
5389677,1772975
5389677,2118566
5389677,3227616
5389677,3666863
5389677,3689668
5389677,3806593
5389677,3879537
5389677,3920835
5389677,3984566
5389677,3988470
5389677,3991184
5389677,4021572
5389677,4053630
5389677,4105782
5389677,4105783
5389677,4197316
5389677,4234599
5389677,4246261
5389677,4287214
5389677,4363815
5389677,4380549
5389677,4518789
5389677,4612331
5389677,4929722
5389677,4983382
5389677,5021451
5389677,5091171
5389677,5093109
5389677,5108751
5389677,5153230
5389677,5643952
5389677,5643953
5389677,5643961
5389677,5643962
5389677,5643963
5389677,5648388
5389677,5648391
5389677,5648395
5389677,5650436
5389677,5650440
5389677,5652267
5389677,5654340
5389677,5656666
5389677,5668177
5389677,5670541
5389677,5670542
5389677,5670543
5389677,5674899
5389677,5674903
5389677,5677340
5389677,5681853
5389677,5716992
5389677,5827882
5422370,1772975
5422370,2118566
5422370,3227616
5422370,3666863
5422370,3689668
5422370,3806593
5422370,3879537
5422370,3920835
5422370,3984566
5422370,3988470
5422370,3991184
5422370,4021572
5422370,4053630
5422370,4105782
5422370,4105783
5422370,4197316
5422370,4234599
5422370,4246261
5422370,4287214
5422370,4363815
5422370,4380549
5422370,4518789
5422370,4612331
5422370,4929722
5422370,4983382
5422370,5021451
5422370,5091171
5422370,5093109
5422370,5108751
5422370,5153230
5422370,5550154
5422370,5561155
5422370,5561159
5422370,5583156
5422370,5599843
5422370,5612376
5470880,1772975
5470880,2118566
5470880,3227616
5470880,3666863
5470880,3689668
5470880,3806593
5470880,3879537
5470880,3920835
5470880,3984566
5470880,3988470
5470880,3991184
5470880,4021572
5470880,4053630
5470880,4105782
5470880,4105783
5470880,4197316
5470880,4234599
5470880,4246261
5470880,4287214
5470880,4363815
5470880,4380549
5470880,4518789
5470880,4612331
5470880,4929722
5470880,4983382
5470880,5021451
5470880,5091171
5470880,5093109
5470880,5108751
5470880,5153230
5470880,5643952
5470880,5643953
5470880,5643961
5470880,5643962
5470880,5643963
5470880,5648388
5470880,5648391
5470880,5648395
5470880,5650436
5470880,5650440
5470880,5652267
5470880,5654340
5470880,5656666
5470880,5668177
5470880,5670541
5470880,5670542
5470880,5670543
5470880,5674899
5470880,5674903
5470880,5677340
5470880,5681853
5470880,5716992
5470880,5827882
5550154,1772975
5550154,2118566
5550154,3227616
5550154,3666863
5550154,3689668
5550154,3806593
5550154,3879537
5550154,3920835
5550154,3984566
5550154,3988470
5550154,3991184
5550154,4021572
5550154,4053630
5550154,4105782
5550154,4105783
5550154,4197316
5550154,4234599
5550154,4246261
5550154,4287214
5550154,4363815
5550154,4380549
5550154,4518789
5550154,4612331
5550154,4929722
5550154,4983382
5550154,5021451
5550154,5091171
5550154,5093109
5550154,5108751
5550154,5153230
5550154,5385938
5550154,5422370
5561155,1772975
5561155,2118566
5561155,3227616
5561155,3666863
5561155,3689668
5561155,3806593
5561155,3879537
5561155,3920835
5561155,3984566
5561155,3988470
5561155,3991184
5561155,4021572
5561155,4053630
5561155,4105782
5561155,4105783
5561155,4197316
5561155,4234599
5561155,4246261
5561155,4287214
5561155,4363815
5561155,4380549
5561155,4518789
5561155,4612331
5561155,4929722
5561155,4983382
5561155,5021451
5561155,5091171
5561155,5093109
5561155,5108751
5561155,5153230
5561155,5385938
5561155,5422370
5561159,1772975
5561159,2118566
5561159,3227616
5561159,3666863
5561159,3689668
5561159,3806593
5561159,3879537
5561159,3920835
5561159,3984566
5561159,3988470
5561159,3991184
5561159,4021572
5561159,4053630
5561159,4105782
5561159,4105783
5561159,4197316
5561159,4234599
5561159,4246261
5561159,4287214
5561159,4363815
5561159,4380549
5561159,4518789
5561159,4612331
5561159,4929722
5561159,4983382
5561159,5021451
5561159,5091171
5561159,5093109
5561159,5108751
5561159,5153230
5561159,5385938
5561159,5422370
5583156,1772975
5583156,2118566
5583156,3227616
5583156,3666863
5583156,3689668
5583156,3806593
5583156,3879537
5583156,3920835
5583156,3984566
5583156,3988470
5583156,3991184
5583156,4021572
5583156,4053630
5583156,4105782
5583156,4105783
5583156,4197316
5583156,4234599
5583156,4246261
5583156,4287214
5583156,4363815
5583156,4380549
5583156,4518789
5583156,4612331
5583156,4929722
5583156,4983382
5583156,5021451
5583156,5091171
5583156,5093109
5583156,5108751
5583156,5153230
5583156,5385938
5583156,5422370
5599843,1772975
5599843,2118566
5599843,3227616
5599843,3666863
5599843,3689668
5599843,3806593
5599843,3879537
5599843,3920835
5599843,3984566
5599843,3988470
5599843,3991184
5599843,4021572
5599843,4053630
5599843,4105782
5599843,4105783
5599843,4197316
5599843,4234599
5599843,4246261
5599843,4287214
5599843,4363815
5599843,4380549
5599843,4518789
5599843,4612331
5599843,4929722
5599843,4983382
5599843,5021451
5599843,5091171
5599843,5093109
5599843,5108751
5599843,5153230
5599843,5385938
5599843,5422370
5612376,1772975
5612376,2118566
5612376,3227616
5612376,3666863
5612376,3689668
5612376,3806593
5612376,3879537
5612376,3920835
5612376,3984566
5612376,3988470
5612376,3991184
5612376,4021572
5612376,4053630
5612376,4105782
5612376,4105783
5612376,4197316
5612376,4234599
5612376,4246261
5612376,4287214
5612376,4363815
5612376,4380549
5612376,4518789
5612376,4612331
5612376,4929722
5612376,4983382
5612376,5021451
5612376,5091171
5612376,5093109
5612376,5108751
5612376,5153230
5612376,5385938
5612376,5422370
5643952,1772975
5643952,2118566
5643952,3227616
5643952,3666863
5643952,3689668
5643952,3806593
5643952,3879537
5643952,3920835
5643952,3984566
5643952,3988470
5643952,3991184
5643952,4021572
5643952,4053630
5643952,4105782
5643952,4105783
5643952,4197316
5643952,4234599
5643952,4246261
5643952,4287214
5643952,4363815
5643952,4380549
5643952,4518789
5643952,4612331
5643952,4929722
5643952,4983382
5643952,5021451
5643952,5091171
5643952,5093109
5643952,5108751
5643952,5153230
5643952,5389677
5643952,5470880
5643953,1772975
5643953,2118566
5643953,3227616
5643953,3666863
5643953,3689668
5643953,3806593
5643953,3879537
5643953,3920835
5643953,3984566
5643953,3988470
5643953,3991184
5643953,4021572
5643953,4053630
5643953,4105782
5643953,4105783
5643953,4197316
5643953,4234599
5643953,4246261
5643953,4287214
5643953,4363815
5643953,4380549
5643953,4518789
5643953,4612331
5643953,4929722
5643953,4983382
5643953,5021451
5643953,5091171
5643953,5093109
5643953,5108751
5643953,5153230
5643953,5389677
5643953,5470880
5643961,1772975
5643961,2118566
5643961,3227616
5643961,3666863
5643961,3689668
5643961,3806593
5643961,3879537
5643961,3920835
5643961,3984566
5643961,3988470
5643961,3991184
5643961,4021572
5643961,4053630
5643961,4105782
5643961,4105783
5643961,4197316
5643961,4234599
5643961,4246261
5643961,4287214
5643961,4363815
5643961,4380549
5643961,4518789
5643961,4612331
5643961,4929722
5643961,4983382
5643961,5021451
5643961,5091171
5643961,5093109
5643961,5108751
5643961,5153230
5643961,5389677
5643961,5470880
5643962,1772975
5643962,2118566
5643962,3227616
5643962,3666863
5643962,3689668
5643962,3806593
5643962,3879537
5643962,3920835
5643962,3984566
5643962,3988470
5643962,3991184
5643962,4021572
5643962,4053630
5643962,4105782
5643962,4105783
5643962,4197316
5643962,4234599
5643962,4246261
5643962,4287214
5643962,4363815
5643962,4380549
5643962,4518789
5643962,4612331
5643962,4929722
5643962,4983382
5643962,5021451
5643962,5091171
5643962,5093109
5643962,5108751
5643962,5153230
5643962,5389677
5643962,5470880
5643963,1772975
5643963,2118566
5643963,3227616
5643963,3666863
5643963,3689668
5643963,3806593
5643963,3879537
5643963,3920835
5643963,3984566
5643963,3988470
5643963,3991184
5643963,4021572
5643963,4053630
5643963,4105782
5643963,4105783
5643963,4197316
5643963,4234599
5643963,4246261
5643963,4287214
5643963,4363815
5643963,4380549
5643963,4518789
5643963,4612331
5643963,4929722
5643963,4983382
5643963,5021451
5643963,5091171
5643963,5093109
5643963,5108751
5643963,5153230
5643963,5389677
5643963,5470880
5648388,1772975
5648388,2118566
5648388,3227616
5648388,3666863
5648388,3689668
5648388,3806593
5648388,3879537
5648388,3920835
5648388,3984566
5648388,3988470
5648388,3991184
5648388,4021572
5648388,4053630
5648388,4105782
5648388,4105783
5648388,4197316
5648388,4234599
5648388,4246261
5648388,4287214
5648388,4363815
5648388,4380549
5648388,4518789
5648388,4612331
5648388,4929722
5648388,4983382
5648388,5021451
5648388,5091171
5648388,5093109
5648388,5108751
5648388,5153230
5648388,5389677
5648388,5470880
5648391,1772975
5648391,2118566
5648391,3227616
5648391,3666863
5648391,3689668
5648391,3806593
5648391,3879537
5648391,3920835
5648391,3984566
5648391,3988470
5648391,3991184
5648391,4021572
5648391,4053630
5648391,4105782
5648391,4105783
5648391,4197316
5648391,4234599
5648391,4246261
5648391,4287214
5648391,4363815
5648391,4380549
5648391,4518789
5648391,4612331
5648391,4929722
5648391,4983382
5648391,5021451
5648391,5091171
5648391,5093109
5648391,5108751
5648391,5153230
5648391,5389677
5648391,5470880
5648395,1772975
5648395,2118566
5648395,3227616
5648395,3666863
5648395,3689668
5648395,3806593
5648395,3879537
5648395,3920835
5648395,3984566
5648395,3988470
5648395,3991184
5648395,4021572
5648395,4053630
5648395,4105782
5648395,4105783
5648395,4197316
5648395,4234599
5648395,4246261
5648395,4287214
5648395,4363815
5648395,4380549
5648395,4518789
5648395,4612331
5648395,4929722
5648395,4983382
5648395,5021451
5648395,5091171
5648395,5093109
5648395,5108751
5648395,5153230
5648395,5389677
5648395,5470880
5650436,1772975
5650436,2118566
5650436,3227616
5650436,3666863
5650436,3689668
5650436,3806593
5650436,3879537
5650436,3920835
5650436,3984566
5650436,3988470
5650436,3991184
5650436,4021572
5650436,4053630
5650436,4105782
5650436,4105783
5650436,4197316
5650436,4234599
5650436,4246261
5650436,4287214
5650436,4363815
5650436,4380549
5650436,4518789
5650436,4612331
5650436,4929722
5650436,4983382
5650436,5021451
5650436,5091171
5650436,5093109
5650436,5108751
5650436,5153230
5650436,5389677
5650436,5470880
5650440,1772975
5650440,2118566
5650440,3227616
5650440,3666863
5650440,3689668
5650440,3806593
5650440,3879537
5650440,3920835
5650440,3984566
5650440,3988470
5650440,3991184
5650440,4021572
5650440,4053630
5650440,4105782
5650440,4105783
5650440,4197316
5650440,4234599
5650440,4246261
5650440,4287214
5650440,4363815
5650440,4380549
5650440,4518789
5650440,4612331
5650440,4929722
5650440,4983382
5650440,5021451
5650440,5091171
5650440,5093109
5650440,5108751
5650440,5153230
5650440,5389677
5650440,5470880
5652267,1772975
5652267,2118566
5652267,3227616
5652267,3666863
5652267,3689668
5652267,3806593
5652267,3879537
5652267,3920835
5652267,3984566
5652267,3988470
5652267,3991184
5652267,4021572
5652267,4053630
5652267,4105782
5652267,4105783
5652267,4197316
5652267,4234599
5652267,4246261
5652267,4287214
5652267,4363815
5652267,4380549
5652267,4518789
5652267,4612331
5652267,4929722
5652267,4983382
5652267,5021451
5652267,5091171
5652267,5093109
5652267,5108751
5652267,5153230
5652267,5389677
5652267,5470880
5654340,1772975
5654340,2118566
5654340,3227616
5654340,3666863
5654340,3689668
5654340,3806593
5654340,3879537
5654340,3920835
5654340,3984566
5654340,3988470
5654340,3991184
5654340,4021572
5654340,4053630
5654340,4105782
5654340,4105783
5654340,4197316
5654340,4234599
5654340,4246261
5654340,4287214
5654340,4363815
5654340,4380549
5654340,4518789
5654340,4612331
5654340,4929722
5654340,4983382
5654340,5021451
5654340,5091171
5654340,5093109
5654340,5108751
5654340,5153230
5654340,5389677
5654340,5470880
5656666,1772975
5656666,2118566
5656666,3227616
5656666,3666863
5656666,3689668
5656666,3806593
5656666,3879537
5656666,3920835
5656666,3984566
5656666,3988470
5656666,3991184
5656666,4021572
5656666,4053630
5656666,4105782
5656666,4105783
5656666,4197316
5656666,4234599
5656666,4246261
5656666,4287214
5656666,4363815
5656666,4380549
5656666,4518789
5656666,4612331
5656666,4929722
5656666,4983382
5656666,5021451
5656666,5091171
5656666,5093109
5656666,5108751
5656666,5153230
5656666,5389677
5656666,5470880
5668177,1772975
5668177,2118566
5668177,3227616
5668177,3666863
5668177,3689668
5668177,3806593
5668177,3879537
5668177,3920835
5668177,3984566
5668177,3988470
5668177,3991184
5668177,4021572
5668177,4053630
5668177,4105782
5668177,4105783
5668177,4197316
5668177,4234599
5668177,4246261
5668177,4287214
5668177,4363815
5668177,4380549
5668177,4518789
5668177,4612331
5668177,4929722
5668177,4983382
5668177,5021451
5668177,5091171
5668177,5093109
5668177,5108751
5668177,5153230
5668177,5389677
5668177,5470880
5670541,1772975
5670541,2118566
5670541,3227616
5670541,3666863
5670541,3689668
5670541,3806593
5670541,3879537
5670541,3920835
5670541,3984566
5670541,3988470
5670541,3991184
5670541,4021572
5670541,4053630
5670541,4105782
5670541,4105783
5670541,4197316
5670541,4234599
5670541,4246261
5670541,4287214
5670541,4363815
5670541,4380549
5670541,4518789
5670541,4612331
5670541,4929722
5670541,4983382
5670541,5021451
5670541,5091171
5670541,5093109
5670541,5108751
5670541,5153230
5670541,5389677
5670541,5470880
5670542,1772975
5670542,2118566
5670542,3227616
5670542,3666863
5670542,3689668
5670542,3806593
5670542,3879537
5670542,3920835
5670542,3984566
5670542,3988470
5670542,3991184
5670542,4021572
5670542,4053630
5670542,4105782
5670542,4105783
5670542,4197316
5670542,4234599
5670542,4246261
5670542,4287214
5670542,4363815
5670542,4380549
5670542,4518789
5670542,4612331
5670542,4929722
5670542,4983382
5670542,5021451
5670542,5091171
5670542,5093109
5670542,5108751
5670542,5153230
5670542,5389677
5670542,5470880
5670543,1772975
5670543,2118566
5670543,3227616
5670543,3666863
5670543,3689668
5670543,3806593
5670543,3879537
5670543,3920835
5670543,3984566
5670543,3988470
5670543,3991184
5670543,4021572
5670543,4053630
5670543,4105782
5670543,4105783
5670543,4197316
5670543,4234599
5670543,4246261
5670543,4287214
5670543,4363815
5670543,4380549
5670543,4518789
5670543,4612331
5670543,4929722
5670543,4983382
5670543,5021451
5670543,5091171
5670543,5093109
5670543,5108751
5670543,5153230
5670543,5389677
5670543,5470880
5674899,1772975
5674899,2118566
5674899,3227616
5674899,3666863
5674899,3689668
5674899,3806593
5674899,3879537
5674899,3920835
5674899,3984566
5674899,3988470
5674899,3991184
5674899,4021572
5674899,4053630
5674899,4105782
5674899,4105783
5674899,4197316
5674899,4234599
5674899,4246261
5674899,4287214
5674899,4363815
5674899,4380549
5674899,4518789
5674899,4612331
5674899,4929722
5674899,4983382
5674899,5021451
5674899,5091171
5674899,5093109
5674899,5108751
5674899,5153230
5674899,5389677
5674899,5470880
5674903,1772975
5674903,2118566
5674903,3227616
5674903,3666863
5674903,3689668
5674903,3806593
5674903,3879537
5674903,3920835
5674903,3984566
5674903,3988470
5674903,3991184
5674903,4021572
5674903,4053630
5674903,4105782
5674903,4105783
5674903,4197316
5674903,4234599
5674903,4246261
5674903,4287214
5674903,4363815
5674903,4380549
5674903,4518789
5674903,4612331
5674903,4929722
5674903,4983382
5674903,5021451
5674903,5091171
5674903,5093109
5674903,5108751
5674903,5153230
5674903,5389677
5674903,5470880
5677340,1772975
5677340,2118566
5677340,3227616
5677340,3666863
5677340,3689668
5677340,3806593
5677340,3879537
5677340,3920835
5677340,3984566
5677340,3988470
5677340,3991184
5677340,4021572
5677340,4053630
5677340,4105782
5677340,4105783
5677340,4197316
5677340,4234599
5677340,4246261
5677340,4287214
5677340,4363815
5677340,4380549
5677340,4518789
5677340,4612331
5677340,4929722
5677340,4983382
5677340,5021451
5677340,5091171
5677340,5093109
5677340,5108751
5677340,5153230
5677340,5389677
5677340,5470880
5681853,1772975
5681853,2118566
5681853,3227616
5681853,3666863
5681853,3689668
5681853,3806593
5681853,3879537
5681853,3920835
5681853,3984566
5681853,3988470
5681853,3991184
5681853,4021572
5681853,4053630
5681853,4105783
5681853,4197316
5681853,4234599
5681853,4246261
5681853,4287214
5681853,4363815
5681853,4380549
5681853,4518789
5681853,4612331
5681853,4929722
5681853,4983382
5681853,5021451
5681853,5091171
5681853,5093109
5681853,5108751
5681853,5153230
5681853,5385938
5681853,5389677
5681853,5470880
5716992,1772975
5716992,2118566
5716992,3227616
5716992,3666863
5716992,3689668
5716992,3806593
5716992,3879537
5716992,3920835
5716992,3984566
5716992,3988470
5716992,3991184
5716992,4021572
5716992,4053630
5716992,4105782
5716992,4105783
5716992,4197316
5716992,4234599
5716992,4246261
5716992,4287214
5716992,4363815
5716992,4380549
5716992,4518789
5716992,4612331
5716992,4929722
5716992,4983382
5716992,5021451
5716992,5091171
5716992,5093109
5716992,5108751
5716992,5153230
5716992,5389677
5716992,5470880
5827882,1772975
5827882,2118566
5827882,3227616
5827882,3666863
5827882,3689668
5827882,3806593
5827882,3879537
5827882,3920835
5827882,3984566
5827882,3988470
5827882,3991184
5827882,4021572
5827882,4053630
5827882,4105782
5827882,4105783
5827882,4197316
5827882,4234599
5827882,4246261
5827882,4287214
5827882,4363815
5827882,4380549
5827882,4518789
5827882,4612331
5827882,4929722
5827882,4983382
5827882,5021451
5827882,5091171
5827882,5093109
5827882,5108751
5827882,5153230
5827882,5389677
5827882,5470880
